2000
49.278521
-122.917471
2001
49.278507
-122.917526
2002
49.278593
-122.917499
2003
49.278592
-122.917419
2009
49.279018
-122.917305
2010
49.278933
-122.917243
2011
49.279098
-122.917239
2012
49.279078
-122.917306
2013
49.278947
-122.917323
2020
49.279212
-122.917162
2023
49.279249
-122.917148
2028
49.279427
-122.917126
2030
49.279484
-122.917098
2033
49.279522
-122.917049
2035
49.279491
-122.917188
2040
49.278980
-122.917622
2041
49.279016
-122.917554
2042
49.279098
-122.917548
2043
49.279046
-122.917544
2044
49.279074
-122.917612
2045
49.279138
-122.917562
2046
49.279158
-122.917538
2101
49.279513
-122.916975
2103
49.279506
-122.916918
2104
49.279448
-122.916984
2108
49.279487
-122.916795
2109
49.279429
-122.916862
2110
49.279432
-122.916701
2111
49.279404
-122.916746
2112
49.279466
-122.916735
2113
49.279396
-122.916651
2114
49.279376
-122.916605
2115
49.279401
-122.916595
2116
49.279440
-122.916584
2118
49.279474
-122.916653
2130
49.279538
-122.916890

