2000
49.278653
-122.917350
2001
49.278653
-122.917350
2002
49.278653
-122.917350
2003
49.278653
-122.917350
99999
49.278717
-122.917322
pathfix
49.278878
-122.917269
pathfix
49.278901
-122.917420
pathfix
49.278944
-122.917408
2013
49.278988
-122.917460
2040
49.278988
-122.917460
2041
49.278988
-122.917460
2043
49.279036
-122.917438
2009
49.279036
-122.917438
2044
49.279036
-122.917438
2042
49.279119
-122.917412
2045
49.279119
-122.917412
2046
49.279119
-122.917412
2012
49.279119
-122.917412
pathfix
49.279141
-122.917340
pathfix
49.279172
-122.917327
pathfix
49.279164
-122.917263
99999
49.279239
-122.917234
pathfix
49.279315
-122.917209
2028
49.279423
-122.917174
2030
49.279486
-122.917155
2035
49.279486
-122.917155
99999
49.279527
-122.917143
pathfix
49.279570
-122.917119
2033
49.279559
-122.917026
pathfix
49.279595
-122.917017
2130
49.279574
-122.916884
pathfix
49.279555
-122.916748
2108
49.279467
-122.916782
2112
49.279467
-122.916782
2111
49.279467
-122.916782
2109
49.279475
-122.916850
2103
49.279486
-122.916925
2101
49.279494
-122.916976
2104
49.279494
-122.916976
pathfix
49.279502
-122.917041
2030
49.279464
-122.917055