00000
49.278307
-122.916399
3002
49.278307
-122.916399
3003
49.278331
-122.916581
3004
49.278354
-122.916750
3005
49.278383
-122.916879
00000
49.278404
-122.917043
3006
49.278404
-122.917043
3008
49.278428
-122.917178
3009
49.278438
-122.917216
3011
49.278455
-122.917340
pathfix
49.278469
-122.917407
3034
49.278562
-122.917379
3012
49.278562
-122.917379
00000
49.278717
-122.917322
3032
49.278778
-122.917295
3061
49.279244
-122.917135
00000
49.279244
-122.917135
3110
49.279476
-122.917050
3111
49.279476
-122.917050
3114
49.279476
-122.917050
3115
49.279476
-122.917050
3119
49.279476
-122.917050
3117
49.279476
-122.917050
00000
49.279509
-122.917040
pathfix
49.279552
-122.917027
3126
49.279528
-122.916850
3125
49.279528
-122.916850
00000
49.279500
-122.916665
3130
49.279500
-122.916665
3128
49.279475
-122.916504
3129
49.279475
-122.916504
3134
49.279465
-122.916438
3127
49.279465
-122.916438
3131
49.279465
-122.916438
3133
49.279465
-122.916438
3135
49.279441
-122.916250
3136
49.279441
-122.916250
3138
49.279441
-122.916250
00000
49.279415
-122.916035
3139
49.279415
-122.916035
3140
49.279396
-122.915876
3141
49.279378
-122.915761
3142
49.279378
-122.915761
pathfix
49.279342
-122.915522
3143
49.279288
-122.915537
3144
49.279215
-122.915559
3145
49.279074
-122.915626
3146
49.279074
-122.915626
00000
49.279015
3148
49.278920
-122.915689
3149
49.278787
-122.915727
3150
49.278692
-122.915762
00000
49.278574
-122.915815
3152
49.278574
-122.915815
3153
49.278460
-122.915845
3154
49.278359
-122.915874
3155
49.278295
-122.915900
3156
49.278295
-122.915900
pathfix
49.278247
-122.915915
3159
49.278283
-122.916230
00000
49.278307
-122.916399
3002
49.278307
-122.916399
3003
49.278331
-122.916581
3004
49.278354
-122.916750
3005
49.278383
-122.916879
00000
49.278404
-122.917043
3006
49.278404
-122.917043
3008
49.278428
-122.917178
3009
49.278438
-122.917216
3011
49.278455
-122.917340
pathfix
49.278469
-122.917407
3034
49.278562
-122.917379
3012
49.278562
-122.917379
00000
49.278717
-122.917322
3032
49.278778
-122.917295
3061
49.279244
-122.917135
00000
49.279244
-122.917135
3110
49.279476
-122.917050
3111
49.279476
-122.917050
3114
49.279476
-122.917050
3115
49.279476
-122.917050
3119
49.279476
-122.917050
3117
49.279476
-122.917050
3125
49.279474
-122.917047
00000
49.279509
-122.917040
pathfix
49.279552
-122.917027
3126
49.279528
-122.916850
3125
49.279528
-122.916850
00000
49.279500
-122.916665
3130
49.279500
-122.916665
3128
49.279475
-122.916504
3129
49.279475
-122.916504
3134
49.279465
-122.916438
3127
49.279465
-122.916438
3131
49.279465
-122.916438
3133
49.279465
-122.916438
3135
49.279441
-122.916250
3136
49.279441
-122.916250
3138
49.279441
-122.916250
00000
49.279415
-122.916035
3139
49.279415
-122.916035
3140
49.279396
-122.915876
3141
49.279378
-122.915761
3142
49.279378
-122.915761
pathfix
49.279342
-122.915522
3143
49.279288
-122.915537
3144
49.279215
-122.915559
3145
49.279074
-122.915626
3146
49.279074
-122.915626
00000
49.279015
3148
49.278920
-122.915689
3149
49.278787
-122.915727
3150
49.278692
-122.915762
00000
49.278574
-122.915815
3152
49.278574
-122.915815
3153
49.278460
-122.915845
3154
49.278359
-122.915874
3155
49.278295
-122.915900
3156
49.278295
-122.915900
pathfix
49.278247
-122.915915
3159
49.278283
-122.916230
00000
49.278307
-122.916399
3002
49.278307
-122.916399
3003
49.278331
-122.916581
3004
49.278354
-122.916750
3005
49.278383
-122.916879
00000
49.278404
-122.917043
3006
49.278404
-122.917043
3008
49.278428
-122.917178
3009
49.278438
-122.917216
3011
49.278455
-122.917340
pathfix
49.278469
-122.917407
3034
49.278562
-122.917379
3012
49.278562
-122.917379
00000
49.278717
-122.917322
3032
49.278778
-122.917295
3061
49.279244
-122.917135
00000
49.279244
-122.917135
3110
49.279476
-122.917050
3111
49.279476
-122.917050
3114
49.279476
-122.917050
3115
49.279476
-122.917050
3119
49.279476
-122.917050
3117
49.279476
-122.917050
00000
49.279509
-122.917040
pathfix
49.279552
-122.917027
3126
49.279528
-122.916850
3125
49.279528
-122.916850
00000
49.279500
-122.916665
3130
49.279500
-122.916665
3128
49.279475
-122.916504
3129
49.279475
-122.916504
3134
49.279465
-122.916438
3127
49.279465
-122.916438
3131
49.279465
-122.916438
3133
49.279465
-122.916438
3135
49.279441
-122.916250
3136
49.279441
-122.916250
3138
49.279441
-122.916250
00000
49.279415
-122.916035
3139
49.279415
-122.916035
3140
49.279396
-122.915876
3141
49.279378
-122.915761
3142
49.279378
-122.915761
pathfix
49.279342
-122.915522
3143
49.279288
-122.915537
3144
49.279215
-122.915559
3145
49.279074
-122.915626
3146
49.279074
-122.915626
00000
49.279015
3148
49.278920
-122.915689
3149
49.278787
-122.915727
3150
49.278692
-122.915762
00000
49.278574
-122.915815
3152
49.278574
-122.915815
3153
49.278460
-122.915845
3154
49.278359
-122.915874
3155
49.278295
-122.915900
3156
49.278295
-122.915900
pathfix
49.278247
-122.915915
3159
49.278283
-122.916230
00000
49.278307
-122.916399
3002
49.278307
-122.916399
3003
49.278331
-122.916581
3004
49.278354
-122.916750
3005
49.278383
-122.916879
00000
49.278404
-122.917043
3006
49.278404
-122.917043
3008
49.278428
-122.917178