2000
49.278653
-122.917350
2001
49.278653
-122.917350
2002
49.278653
-122.917350
2003
49.278653
-122.917350
00000
49.278717
-122.917322
pathfix
49.278878
-122.917269
pathfix
49.278901
-122.917420
pathfix
49.278944
-122.917408
2013
49.278988
-122.917460
2040
49.278988
-122.917460
2041
49.278988
-122.917460
2043
49.279036
-122.917438
2009
49.279036
-122.917438
2044
49.279036
-122.917438
2042
49.279119
-122.917412
2045
49.279119
-122.917412
2046
49.279119
-122.917412
2012
49.279119
-122.917412
pathfix
49.279141
-122.917340
pathfix
49.279172
-122.917327
pathfix
49.279164
-122.917263
00000
49.279239
-122.917234
pathfix
49.279315
-122.917209
2028
49.279423
-122.917174
2030
49.279486
-122.917155
2035
49.279486
-122.917155
00000
49.279527
-122.917143
pathfix
49.279570
-122.917119
2033
49.279559
-122.917026
pathfix
49.279595
-122.917017
2130
49.279574
-122.916884
pathfix
49.279555
-122.916748
2108
49.279467
-122.916782
2112
49.279467
-122.916782
2111
49.279467
-122.916782
2109
49.279475
-122.916850
2103
49.279486
-122.916925
2101
49.279494
-122.916976
2104
49.279494
-122.916976
pathfix
49.279502
-122.917041
2030
49.279464
-122.917055
00000
49.278307
-122.916399
3002
49.278307
-122.916399
3003
49.278331
-122.916581
3004
49.278354
-122.916750
3005
49.278383
-122.916879
00000
49.278404
-122.917043
3006
49.278404
-122.917043
3008
49.278428
-122.917178
3009
49.278438
-122.917216
3011
49.278455
-122.917340
pathfix
49.278469
-122.917407
3034
49.278562
-122.917379
3012
49.278562
-122.917379
00000
49.278717
-122.917322
3032
49.278778
-122.917295
3061
49.279244
-122.917135
00000
49.279244
-122.917135
3110
49.279476
-122.917050
3111
49.279476
-122.917050
3114
49.279476
-122.917050
3115
49.279476
-122.917050
3119
49.279476
-122.917050
3117
49.279476
-122.917050
00000
49.279509
-122.917040
pathfix
49.279552
-122.917027
3126
49.279528
-122.916850
3125
49.279528
-122.916850
00000
49.279500
-122.916665
3130
49.279500
-122.916665
3128
49.279475
-122.916504
3129
49.279475
-122.916504
3134
49.279465
-122.916438
3127
49.279465
-122.916438
3131
49.279465
-122.916438
3133
49.279465
-122.916438
3135
49.279441
-122.916250
3136
49.279441
-122.916250
3138
49.279441
-122.916250
00000
49.279415
-122.916035
3139
49.279415
-122.916035
3140
49.279396
-122.915876
3141
49.279378
-122.915761
3142
49.279378
-122.915761
pathfix
49.279342
-122.915522
3143
49.279288
-122.915537
3144
49.279215
-122.915559
3145
49.279074
-122.915626
3146
49.279074
-122.915626
00000
49.279015
3148
49.278920
-122.915689
3149
49.278787
-122.915727
3150
49.278692
-122.915762
00000
49.278574
-122.915815
3152
49.278574
-122.915815
3153
49.278460
-122.915845
3154
49.278359
-122.915874
3155
49.278295
-122.915900
3156
49.278295
-122.915900
pathfix
49.278247
-122.915915
3159
49.278283
-122.916230
00000
49.278307
-122.916399
3002
49.278307
-122.916399
3003
49.278331
-122.916581
3004
49.278354
-122.916750
3005
49.278383
-122.916879
00000
49.278404
-122.917043
3006
49.278404
-122.917043
3008
49.278428
-122.917178
3009
49.278438
-122.917216
3011
49.278455
-122.917340
pathfix
49.278469
-122.917407
3034
49.278562
-122.917379
3012
49.278562
-122.917379
00000
49.278717
-122.917322
3032
49.278778
-122.917295
3061
49.279244
-122.917135
00000
49.279244
-122.917135
3110
49.279476
-122.917050
3111
49.279476
-122.917050
3114
49.279476
-122.917050
3115
49.279476
-122.917050
3119
49.279476
-122.917050
3117
49.279476
-122.917050
3125
49.279474
-122.917047
00000
49.279509
-122.917040
pathfix
49.279552
-122.917027
3126
49.279528
-122.916850
3125
49.279528
-122.916850
00000
49.279500
-122.916665
3130
49.279500
-122.916665
3128
49.279475
-122.916504
3129
49.279475
-122.916504
3134
49.279465
-122.916438
3127
49.279465
-122.916438
3131
49.279465
-122.916438
3133
49.279465
-122.916438
3135
49.279441
-122.916250
3136
49.279441
-122.916250
3138
49.279441
-122.916250
00000
49.279415
-122.916035
3139
49.279415
-122.916035
3140
49.279396
-122.915876
3141
49.279378
-122.915761
3142
49.279378
-122.915761
pathfix
49.279342
-122.915522
3143
49.279288
-122.915537
3144
49.279215
-122.915559
3145
49.279074
-122.915626
3146
49.279074
-122.915626
00000
49.279015
3148
49.278920
-122.915689
3149
49.278787
-122.915727
3150
49.278692
-122.915762
00000
49.278574
-122.915815
3152
49.278574
-122.915815
3153
49.278460
-122.915845
3154
49.278359
-122.915874
3155
49.278295
-122.915900
3156
49.278295
-122.915900
pathfix
49.278247
-122.915915
3159
49.278283
-122.916230