5072
49.279236
-122.915565
5073
49.279208
-122.915576
5074
49.279208
-122.915576
5075
49.279179
-122.915587
5078
49.279153
-122.915593
5081
49.279153
-122.915593
5079
49.279127
-122.915608
5080
49.279101
-122.915616
pathfix
49.279081
-122.915621
pathfix
49.279072
-122.915582
00000
49.279024
-122.915599
pathfix
49.278960
-122.915623
pathfix
49.278963
-122.915665
5088
49.278939
-122.915674
5089
49.278912
-122.915684
5100
49.278912
-122.915684
5090
49.278885
-122.915693
5091
49.278861
-122.915703
5101
49.278861
-122.915703
5092
49.278831
-122.915713
5102
49.278831
-122.915713
5093
49.278806
-122.915722
5094
49.278778
-122.915731
5095
49.278753
-122.915742
5103
49.278753
-122.915742
5096
49.278725
-122.915751
5104
49.278725
-122.915751
5097
49.278700
-122.915761
5098
49.278672
-122.915772
5105
49.278672
-122.915772
5099
49.278643
-122.915781
pathfix
49.278621
-122.915788
pathfix
49.278614
-122.915751
00000
49.278547
-122.915774
pathfix
49.278500
-122.915790
5108
49.278504
-122.915832
5110
49.278484
-122.915840
5111
49.278460
-122.915850
5119
49.278460
-122.915850
5112
49.278431
-122.915858
5113
49.278408
-122.915868
5120
49.278408
-122.915868
5114
49.278377
-122.915876
5121
49.278377
-122.915876
5115
49.278351
-122.915888
5122
49.278351
-122.915888
5116
49.278322
-122.915897
5123
49.278322
-122.915897
5117
49.278293
-122.915908
5118
49.278293
-122.915908
pathfix
49.278298
-122.915955
5124
49.278269
-122.915968
5125
49.278275
-122.916014
5126
49.278275
-122.916014
5127
49.278282
-122.916055
5128
49.278282
-122.916055
5129
49.278287
-122.916098
5130
49.278287
-122.916098
5131
49.278294
-122.916138
5132
49.278294
-122.916138
5133
49.278301
-122.916180
5134
49.278301
-122.916180
5135
49.278306
-122.916222
5136
49.278306
-122.916222
5138
49.278313
-122.916263
5003
49.278318
-122.916295
pathfix
49.278293
-122.916307
00000
49.278300
-122.916353
5004
49.278332
-122.916546
5005
49.278343
-122.916630
5006
49.278354
-122.916702
5007
49.278367
-122.916786
5008
49.278377
-122.916852
5009
49.278390
-122.916932
00000
49.278417
-122.917107
5014
49.278438
-122.917249
5015
49.278450
-122.917324
5016
49.278469
-122.917429
5017
49.278482
-122.917505
pathfix
49.278536
-122.917485
pathfix
49.278551
-122.917573
5018
49.278605
-122.917551
5019
49.278668
-122.917530
5020
49.278722
-122.917508
5021
49.278776
-122.917490
00000
49.278820
-122.917475
5025
49.278924
-122.917437
5026
49.278977
-122.917416
5027
49.279025
-122.917400
5028
49.279077
-122.917382
5029
49.279122
-122.917365
5030
49.279177
-122.917342
00000
49.279285
-122.917307
5035
49.279379
-122.917272
5036
49.279431
-122.917253
5037
49.279499
-122.917225
5038
49.279552
-122.917207
pathfix
49.279540
-122.917120
pathfix
49.279597
-122.917099
5039
49.279583
-122.917022
5040
49.279562
-122.916875
5042
49.279543
-122.916756
00000
49.279537
-122.916706
5046
49.279511
-122.916555
5047
49.279498
-122.916470
5048
49.279484
-122.916378
5049
49.279471
-122.916293
5050
49.279459
-122.916211
5051
49.279445
-122.916132
5052
49.279433
-122.916058
pathfix
49.279410
-122.915905
5053
49.279384
-122.915911
5056
49.279379
-122.915875
5057
49.279372
-122.915834
5054
49.279372
-122.915834
5058
49.279364
-122.915790
5055
49.279359
-122.915752
5099
49.279359
-122.915752
5060
49.279352
-122.915711
5061
49.279352
-122.915711
5062
49.279346
-122.915671
5063
49.279346
-122.915671
5064
49.279339
-122.915627
5065
49.279339
-122.915627
5066
49.279333
-122.915582
5067
49.279333
-122.915582
pathfix
49.279303
-122.915592
5068
49.279294
-122.915544
5069
49.279262
-122.915556
5070
49.279262
-122.915556
5071
49.279236
-122.915565
5072
49.279236
-122.915565
5073
49.279208
-122.915576
5074
49.279208
-122.915576
5075
49.279179
-122.915587
5078
49.279153
-122.915593
5081
49.279153
-122.915593
5079
49.279127
-122.915608
5080
49.279101
-122.915616
pathfix
49.279081
-122.915621
pathfix
49.279072
-122.915582
00000
49.279024
-122.915599
pathfix
49.278960
-122.915623
pathfix
49.278963
-122.915665
5088
49.278939
-122.915674
5089
49.278912
-122.915684
5100
49.278912
-122.915684
5090
49.278885
-122.915693
5091
49.278861
-122.915703
5101
49.278861
-122.915703
5092
49.278831
-122.915713
5102
49.278831
-122.915713
5093
49.278806
-122.915722
5094
49.278778
-122.915731
5095
49.278753
-122.915742
5103
49.278753
-122.915742
5096
49.278725
-122.915751
5104
49.278725
-122.915751
5097
49.278700
-122.915761
5098
49.278672
-122.915772
5105
49.278672
-122.915772
5099
49.278643
-122.915781
pathfix
49.278621
-122.915788
pathfix
49.278614
-122.915751
00000
49.278547
-122.915774
pathfix
49.278500
-122.915790
5108
49.278504
-122.915832
5110
49.278484
-122.915840
5111
49.278460
-122.915850
5119
49.278460
-122.915850
5112
49.278431
-122.915858
5113
49.278408
-122.915868
5120
49.278408
-122.915868
5114
49.278377
-122.915876
5121
49.278377
-122.915876
5115
49.278351
-122.915888
5122
49.278351
-122.915888
5116
49.278322
-122.915897
5123
49.278322
-122.915897
5117
49.278293
-122.915908
5118
49.278293
-122.915908
pathfix
49.278298
-122.915955
5124
49.278269
-122.915968
5125
49.278275
-122.916014
5126
49.278275
-122.916014
5127
49.278282
-122.916055
5128
49.278282
-122.916055
5129
49.278287
-122.916098
5130
49.278287
-122.916098
5131
49.278294
-122.916138
5132
49.278294
-122.916138
5133
49.278301
-122.916180
5134
49.278301
-122.916180
5135
49.278306
-122.916222
5136
49.278306
-122.916222
5138
49.278313
-122.916263
5003
49.278318
-122.916295
pathfix
49.278293
-122.916307
00000
49.278300
-122.916353
5004
49.278332
-122.916546
5005
49.278343
-122.916630
5006
49.278354
-122.916702
5007
49.278367
-122.916786
5008
49.278377
-122.916852
5009
49.278390
-122.916932
00000
49.278417
-122.917107
5014
49.278438
-122.917249
5015
49.278450
-122.917324
5016
49.278469
-122.917429
5017
49.278482
-122.917505
pathfix
49.278536
-122.917485
pathfix
49.278551
-122.917573
5018
49.278605
-122.917551
5019
49.278668
-122.917530
5020
49.278722
-122.917508
5021
49.278776
-122.917490
00000
49.278820
-122.917475
5025
49.278924
-122.917437
5026
49.278977
-122.917416
5027
49.279025
-122.917400
5028
49.279077
-122.917382
5029
49.279122
-122.917365
5030
49.279177
-122.917342
00000
49.279285
-122.917307
5035
49.279379
-122.917272
5036
49.279431
-122.917253
5037
49.279499
-122.917225
5038
49.279552
-122.917207
pathfix
49.279540
-122.917120
pathfix
49.279597
-122.917099
5039
49.279583
-122.917022
5040
49.279562
-122.916875
5042
49.279543
-122.916756
00000
49.279537
-122.916706
5046
49.279511
-122.916555
5047
49.279498
-122.916470
5048
49.279484
-122.916378
5049
49.279471
-122.916293
5050
49.279459
-122.916211
5051
49.279445
-122.916132
5052
49.279433
-122.916058
pathfix
49.279410
-122.915905
5053
49.279384
-122.915911
5056
49.279379
-122.915875
5057
49.279372
-122.915834
5054
49.279372
-122.915834
5058
49.279364
-122.915790
5055
49.279359
-122.915752
5099
49.279359
-122.915752
5060
49.279352
-122.915711
5061
49.279352
-122.915711
5062
49.279346
-122.915671
5063
49.279346
-122.915671
5064
49.279339
-122.915627
5065
49.279339
-122.915627
5066
49.279333
-122.915582
5067
49.279333
-122.915582
pathfix
49.279303
-122.915592
5068
49.279294
-122.915544
5069
49.279262
-122.915556
5070
49.279262
-122.915556
5071
49.279236
-122.915565